1 7.310000 0.000000 0.000000 0.000000 -0.000000 0.000000 0.000000 0
2 7.190000 7.550000 0.000000 0.000000 -0.000000 0.000000 0.000000 0
3 18.850000 -3.590000 0.000000 0.000000 -0.000000 0.000000 0.000000 0
4 33.770000 6.410000 0.000000 0.000000 -0.000000 0.000000 0.000000 0
5 13.220000 -13.610000 0.000000 0.000000 -0.000000 0.000000 0.000000 0
6 21.010000 13.210000 0.000000 0.000000 -0.000000 0.000000 0.000000 0
7 20.960000 3.360000 0.000000 0.000000 -0.000000 0.000000 0.000000 0
8 20.400000 -19.410000 0.000000 0.000000 -0.000000 0.000000 0.000000 0
9 14.770000 6.890000 0.000000 0.000000 -0.000000 0.000000 0.000000 0
10 22.460000 -10.360000 0.000000 0.000000 -0.000000 0.000000 0.000000 0
11 31.560000 -18.810000 0.000000 0.000000 -0.000000 0.000000 0.000000 0
12 29.920000 11.440000 0.000000 0.000000 -0.000000 0.000000 0.000000 0
13 32.790000 -6.790000 0.000000 0.000000 -0.000000 0.000000 0.000000 0
14 2.040000 -12.020000 0.000000 0.000000 -0.000000 0.000000 0.000000 0
15 7.630000 13.240000 0.000000 0.000000 -0.000000 0.000000 0.000000 0
